[gd_scene load_steps=3 format=2]

[ext_resource path="res://Actors/Voidling/Voidling.tscn" type="PackedScene" id=1]
[ext_resource path="res://Actors/Sign/Sign.tscn" type="PackedScene" id=2]

[node name="Main" type="Node"]

[node name="Voidling" parent="." instance=ExtResource( 1 )]
transform = Transform( -0.438624, 0, -0.900073, 0, 1, 0, 0.900073, 0, -0.438624, 0, 0, 0 )
secondary_color = Color( 0.117647, 0.258824, 0.631373, 1 )

[node name="DirectionalLight" type="DirectionalLight" parent="."]
transform = Transform( 0.750184, -0.478733, -0.456113, 0.649674, 0.405249, 0.643193, -0.123079, -0.778838, 0.615031, 0, 27.8801, 22.1078 )

[node name="Camera" type="Camera" parent="."]
transform = Transform( 1, 0, 0, 0, 0.910366, 0.413803, 0, -0.413803, 0.910366, 0, 2.5, 5.5 )

[node name="OmniLight" type="OmniLight" parent="."]
transform = Transform( 1, 0, 0, 0, 1, 0, 0, 0, 1, 0, 2, 0 )

[node name="Sign" parent="." instance=ExtResource( 2 )]
transform = Transform( 1, 0, 0, 0, 1, 0, 0, 0, 1, 15.1675, 11.6598, 17.1552 )
